Date & Time,First Submit,Diagnosis Result,File Name,File Extension,Detected Extension,MIME TYPE,MD5,SHA1,SHA256,Diagnosis Name,Analysis Elapsed Time(ms)
2022-07-26T23:59:54+09:00,2022-07-16T14:04:34+09:00,BENIGN,03. Innovative products for Inks_China coat 2019 (English version for customers).pdf,pdf,PDF,application/pdf,b373553058bf5a4acbda5b6113c76b0e,b9df1a136249759ba67a8d270a09dbc0166258e7,ef01a5b172fbbefcd898270a48c6645a0bcc105815981aa20b286f0d5319bdbd,-,21823
2022-07-26T23:59:54+09:00,2022-07-16T14:04:34+09:00,BENIGN,02. MIRAMER for UV-LED curing_China coat 2019 (English version for customers).pdf,pdf,PDF,application/pdf,ebf3dfc93abe98a4ecef813b070ce1cc,564a99b090d4e38b33a733e22f641b1b8081c3a1,0afa84c42f7411d3d56f5932d58478858c6f6e89dac1f9a4837d760309c50ec6,-,21211
2022-07-26T23:59:54+09:00,2022-07-16T14:04:34+09:00,BENIGN,01. MSC Introduction_China coat 2019 (English version for customers).pdf,pdf,PDF,application/pdf,85c2e5c9ad650ef8e717d56cf04ae1e6,30343b023824df70307527a92f106b5f6ef70aea,1844173eaac68a8e0732986fcc833beb6c5a10df8d952fbc34e5dacc7c681df7,-,21831
2022-07-26T23:58:29+09:00,2022-07-15T12:44:36+09:00,MALICIOUS,4c4993e0-4f20-4a01-bff6-255862b7e030,-,PDF,application/pdf,548dbcf676125450af55b65a0ae1a275,909df2b764ee1c9977ceef2103e4a2bf0e66095f,b7eff15665a3522ad7f0fce0ffe0d75260f5a4ac0d1b76517b9099899ef2c1d6,Advanced Threat Detection,22345
2022-07-26T07:59:35+09:00,2022-07-15T21:53:10+09:00,SUSPICIOUS,Redox ID Label 4755485.pdf,pdf,PDF,application/pdf,3561924145db338a13e747500a182832,2737eb91b9f8bfc52609e3092e49c739ab7f20e2,9ca44e7b49e4af51110451a3d59de0958797616f123f56965c2dfb7f94fc20e2,PDF/JsFileFound.SS.100,21994
2022-07-26T00:43:32+09:00,2022-07-15T14:38:41+09:00,BENIGN,챔버 하부 설명.JPG,JPG,JPG,image/jpeg,884757a7afc5a80dfe1535b4c459aa5c,2afe7945bd66f39cb2fb95363ef7f364342c1aa7,3c194037e849b8bbb7d4425b65392f5883c6335f9b45a726f320f450fac831a4,-,3413
2022-07-26T00:43:32+09:00,2022-07-15T14:38:41+09:00,BENIGN,챔버 하부 설명.JPG,JPG,JPG,image/jpeg,884757a7afc5a80dfe1535b4c459aa5c,2afe7945bd66f39cb2fb95363ef7f364342c1aa7,3c194037e849b8bbb7d4425b65392f5883c6335f9b45a726f320f450fac831a4,-,3827
2022-07-26T00:43:32+09:00,2022-07-15T14:38:41+09:00,BENIGN,한남-e-mail.hwp,hwp,HWP,application/x-hwp-v5,beceec8a7bb751708879f5cdc0f343d6,e43c58aec3f81e44b53c4568cfef0f232ec18cba,312707733628aae115d5e580e4a8b3a745366b726cb406c0381e82638ef4b870,-,24068
2022-07-26T00:36:01+09:00,2022-07-15T14:31:14+09:00,BENIGN,일본출장 회의록 2019년 11월 2차.docx,docx,DOCX,application/vnd.openxmlformats-officedocument.wordprocessingml.document,666cf2b9bc61eee3e0cd0c609ef6dcac,8d27e92ea88069681f115538e26de41660aa2bb9,cc00f2eb13ded604747dac798fa1852b694b4479f92e1ca2c1bdd8e51e16c244,-,19391
2022-07-26T00:36:00+09:00,2022-07-15T13:45:48+09:00,BENIGN,Pune visit report 8th Nov .docx,docx,DOCX,application/vnd.openxmlformats-officedocument.wordprocessingml.document,4f2129f5f8a37cac0551ecb6a11826ab,9a15806e803a9b3ec1e089b903801bd8f6460dd9,aca6cfae0e09716a3b81004d6ee7ddea010cd4eda952307f20bc4ae6abd218d3,-,18228
2022-07-26T00:36:00+09:00,2022-07-15T13:45:49+09:00,BENIGN,Week 45 MSI weekly report.docx,docx,DOCX,application/vnd.openxmlformats-officedocument.wordprocessingml.document,448601baf94a7b718302cab1b7c2f7dc,62fff85c5d7eec28d1e18a63a487305ffd4123ba,f0faf6714a2ce48f4073e2381bd2f9b241345c356c6d311481aeaade24b7757d,-,18821
2022-07-26T00:34:58+09:00,2022-07-15T14:30:13+09:00,BENIGN,열매 누출 사고 진술서.PDF,PDF,PDF,application/pdf,28398972fa31323bfe2bbbad810d068a,ccbd72786d0fe2048026c6a79a3f927e696c354f,57507f9d3a9f2582e686f4d84a5d698e93f6f81ffabb8f55825ea07ec9554bc5,-,16344
2022-07-26T00:34:58+09:00,2022-07-15T14:30:13+09:00,BENIGN,tk-133 설명.png,png,PNG,image/png,8d48d4c59f730eaa1b02f3fa4105e497,1ee160b5c6d3a01b94fe5039cb833121272c1767,4467ce4182b2541e54bacada859958d424279b9dbd40d93a58a130009b5eb401,-,2324
2022-07-26T00:34:57+09:00,2022-07-15T14:30:12+09:00,BENIGN,2020 Env. master plan.xls,xls,XLS,application/vnd.ms-excel,1a22002962861b0962072366156ac328,7a2ed5ff179e838c670443aca4e6189772e319e6,9246ae664978c235c34ab6cd0c9dffccc0bbf3828f4389e5b5ecd37f935f3c34,-,17965
